15 0.11875 0.1828125 0.0546875 0.05625
15 0.21328125 0.18125 0.0609375 0.05625
15 0.309375 0.184375 0.0578125 0.059375
15 0.403125 0.18125 0.0578125 0.05625
15 0.49921875 0.18515625 0.0703125 0.0609375
15 0.59453125 0.18359375 0.05625 0.0640625
15 0.69296875 0.1828125 0.059375 0.059375
15 0.790625 0.18203125 0.05625 0.0609375
15 0.88828125 0.18125 0.0546875 0.059375
15 0.11953125 0.2703125 0.0515625 0.05
15 0.30859375 0.2703125 0.0484375 0.0578125
15 0.40625 0.27578125 0.04375 0.05625
15 0.5015625 0.27265625 0.0484375 0.0484375
15 0.59609375 0.27421875 0.0484375 0.0515625
15 0.69140625 0.27578125 0.05625 0.0515625
15 0.88125 0.26953125 0.0578125 0.0625
15 0.215625 0.36171875 0.0515625 0.0609375
15 0.40078125 0.3640625 0.0671875 0.059375
15 0.59921875 0.36484375 0.0578125 0.0578125
15 0.78671875 0.36953125 0.0578125 0.059375
15 0.11875 0.45234375 0.05 0.05625
15 0.209375 0.44921875 0.05625 0.0484375
15 0.30703125 0.45234375 0.0515625 0.0453125
15 0.40078125 0.4515625 0.0640625 0.05
15 0.49765625 0.45234375 0.0546875 0.05625
15 0.59296875 0.45 0.0515625 0.05
15 0.68828125 0.4515625 0.0625 0.0546875
15 0.784375 0.44921875 0.0484375 0.0484375
15 0.88125 0.45234375 0.05 0.05625
15 0.1203125 0.5453125 0.046875 0.040625
15 0.215625 0.54765625 0.0515625 0.0453125
15 0.309375 0.54375 0.0578125 0.0515625
15 0.40546875 0.546875 0.0515625 0.046875
15 0.4984375 0.54375 0.0515625 0.0515625
15 0.596875 0.546875 0.046875 0.05
15 0.69140625 0.546875 0.05625 0.05
15 0.78671875 0.54765625 0.04375 0.0515625
15 0.88203125 0.54765625 0.0515625 0.0515625
15 0.2171875 0.63125 0.0453125 0.05
15 0.40390625 0.6296875 0.0515625 0.046875
15 0.59375 0.6328125 0.0546875 0.05
15 0.784375 0.6328125 0.065625 0.0578125
15 0.1203125 0.725 0.05 0.05
15 0.30859375 0.72421875 0.0515625 0.05625
15 0.4046875 0.72109375 0.0546875 0.05
15 0.503125 0.72578125 0.059375 0.0515625
15 0.59453125 0.72578125 0.059375 0.0515625
15 0.68828125 0.728125 0.0515625 0.046875
15 0.8796875 0.721875 0.046875 0.0515625
15 0.11953125 0.8109375 0.05625 0.0578125
15 0.2109375 0.8140625 0.0625 0.0515625
15 0.30625 0.80546875 0.0546875 0.059375
15 0.40078125 0.80703125 0.0578125 0.059375
15 0.49921875 0.81171875 0.0609375 0.05625
15 0.5953125 0.80859375 0.05 0.05625
15 0.690625 0.81171875 0.0546875 0.05625
15 0.7828125 0.81171875 0.05625 0.05625
15 0.87890625 0.8140625 0.0484375 0.05625
11 0.50234375 0.89921875 0.0671875 0.0703125
12 0.5953125 0.89453125 0.0640625 0.0671875
12 0.4140625 0.89140625 0.0609375 0.0671875
10 0.3078125 0.89765625 0.0640625 0.0703125
10 0.69609375 0.89296875 0.0625 0.0734375
13 0.79140625 0.9 0.0546875 0.06875
13 0.2046875 0.89375 0.0609375 0.065625
9 0.88671875 0.90078125 0.0609375 0.0640625
9 0.11796875 0.89765625 0.059375 0.0609375
8 0.7953125 0.73046875 0.0609375 0.0625
8 0.22734375 0.71171875 0.06875 0.0671875
14 0.12265625 0.621875 0.0625 0.0640625
14 0.3015625 0.62890625 0.0578125 0.0625
14 0.49765625 0.6375 0.0546875 0.059375
14 0.68984375 0.64140625 0.059375 0.0640625
14 0.890625 0.63671875 0.05625 0.0640625
3 0.51015625 0.090625 0.0515625 0.0671875
4 0.59765625 0.0921875 0.059375 0.0671875
4 0.4109375 0.08828125 0.0609375 0.065625
2 0.69453125 0.09375 0.06875 0.0734375
2 0.30234375 0.08984375 0.0625 0.075
5 0.20703125 0.090625 0.0609375 0.0671875
5 0.7984375 0.09375 0.0671875 0.0671875
1 0.8984375 0.0953125 0.071875 0.0671875
1 0.11796875 0.0921875 0.065625 0.0671875
0 0.225 0.2609375 0.0640625 0.0671875
0 0.8 0.27734375 0.0578125 0.0671875
6 0.121875 0.346875 0.0578125 0.0640625
6 0.3046875 0.3609375 0.0609375 0.065625
6 0.5046875 0.36015625 0.05625 0.0671875
6 0.7015625 0.3578125 0.0640625 0.06875
6 0.8828125 0.365625 0.0640625 0.06875