1 0.35390625 0.37890625 0.1390625 0.1234375
1 0.34453125 0.53203125 0.146875 0.1359375
5 0.5125 0.390625 0.1359375 0.13125
2 0.49609375 0.87265625 0.1484375 0.153125
0 0.3140625 0.871875 0.1640625 0.1515625
0 0.334375 0.6921875 0.1453125 0.1453125
4 0.68046875 0.865625 0.1546875 0.159375
6 0.86796875 0.8703125 0.153125 0.1578125
6 0.86484375 0.6921875 0.1546875 0.1484375
6 0.85 0.53046875 0.146875 0.1328125
6 0.8390625 0.38203125 0.1359375 0.1203125
6 0.67109375 0.38203125 0.1515625 0.134375
9 0.1328125 0.21953125 0.2171875 0.171875
9 0.10546875 0.42421875 0.2109375 0.184375
8 0.08515625 0.65 0.1703125 0.2109375
8 0.06484375 0.9046875 0.1296875 0.190625