6 0.4890625 0.0875 0.090625 0.090625
6 0.56796875 0.14765625 0.090625 0.090625
6 0.55859375 0.87578125 0.090625 0.090625
6 0.3109375 0.6828125 0.090625 0.090625
6 0.4921875 0.2359375 0.090625 0.090625
4 0.37734375 0.1359375 0.090625 0.090625
4 0.78515625 0.48671875 0.090625 0.090625
0 0.75234375 0.34765625 0.090625 0.090625
0 0.69765625 0.8546875 0.096875 0.078125
1 0.57109375 0.52890625 0.090625 0.090625
1 0.3203125 0.33515625 0.090625 0.090625
5 0.52890625 0.7375 0.090625 0.090625
5 0.79453125 0.28984375 0.090625 0.090625
2 0.61328125 0.278125 0.090625 0.090625
2 0.453125 0.39296875 0.090625 0.090625
13 0.6921875 0.178125 0.090625 0.090625
13 0.25703125 0.175 0.090625 0.090625
3 0.365625 0.2265625 0.090625 0.090625
14 0.21484375 0.34453125 0.090625 0.090625
14 0.25078125 0.48046875 0.090625 0.090625
14 0.39609375 0.915625 0.090625 0.090625
14 0.2625 0.81875 0.090625 0.090625
14 0.6734375 0.47421875 0.090625 0.090625
12 0.453125 0.6375 0.090625 0.090625
12 0.359375 0.42578125 0.090625 0.090625
10 0.71015625 0.640625 0.090625 0.090625
10 0.76171875 0.7734375 0.090625 0.090625
8 0.6375 0.6921875 0.090625 0.090625
8 0.175 0.66171875 0.090625 0.090625
9 0.38046875 0.553125 0.090625 0.090625
9 0.38046875 0.7703125 0.090625 0.090625
11 0.56484375 0.38671875 0.090625 0.090625