15 0.13515625 0.07265625 0.0640625 0.0640625
15 0.22578125 0.07109375 0.059375 0.0609375
15 0.5890625 0.07109375 0.0671875 0.0703125
15 0.68046875 0.07265625 0.0671875 0.0609375
15 0.7703125 0.0703125 0.0578125 0.065625
15 0.86171875 0.06875 0.0546875 0.071875
15 0.1328125 0.15625 0.0609375 0.0640625
15 0.22265625 0.15390625 0.0546875 0.059375
15 0.31640625 0.16015625 0.0546875 0.059375
15 0.4046875 0.153125 0.05 0.0640625
15 0.5890625 0.15390625 0.0578125 0.059375
15 0.678125 0.15703125 0.0625 0.065625
15 0.771875 0.153125 0.0640625 0.0640625
15 0.86328125 0.153125 0.05 0.0578125
15 0.1359375 0.2390625 0.05625 0.0578125
15 0.22578125 0.240625 0.059375 0.0640625
15 0.31484375 0.2390625 0.0609375 0.0609375
15 0.4046875 0.240625 0.0546875 0.0609375
15 0.5875 0.24453125 0.0578125 0.0609375
15 0.67734375 0.23984375 0.046875 0.0484375
15 0.775 0.2453125 0.0578125 0.065625
15 0.13984375 0.325 0.0609375 0.059375
15 0.225 0.328125 0.0609375 0.05625
15 0.31640625 0.3265625 0.0609375 0.065625
15 0.40625 0.3265625 0.0546875 0.0625
15 0.58671875 0.3296875 0.0515625 0.059375
15 0.76796875 0.328125 0.059375 0.0625
15 0.1359375 0.409375 0.0515625 0.0609375
15 0.22265625 0.40625 0.05 0.0546875
15 0.3140625 0.41015625 0.0484375 0.05625
15 0.4046875 0.4078125 0.0640625 0.0578125
15 0.49765625 0.4078125 0.05 0.0546875
15 0.58984375 0.4046875 0.059375 0.0546875
15 0.678125 0.40390625 0.059375 0.05625
15 0.77109375 0.403125 0.0515625 0.0578125
15 0.85859375 0.40703125 0.046875 0.05625
15 0.22734375 0.50078125 0.0515625 0.05
15 0.315625 0.49375 0.059375 0.05625
15 0.41015625 0.49921875 0.0421875 0.0546875
15 0.49609375 0.49765625 0.0546875 0.0578125
15 0.76953125 0.49921875 0.0453125 0.0609375
15 0.86015625 0.50078125 0.05 0.0578125
15 0.13828125 0.58203125 0.0640625 0.065625
15 0.22578125 0.58125 0.0484375 0.0578125
15 0.31640625 0.5796875 0.04375 0.0625
15 0.40390625 0.5828125 0.0484375 0.0578125
15 0.5890625 0.58203125 0.0546875 0.065625
15 0.68125 0.58203125 0.059375 0.065625
15 0.77109375 0.5828125 0.0515625 0.0609375
15 0.134375 0.6671875 0.0453125 0.0671875
15 0.221875 0.665625 0.0625 0.0640625
15 0.31328125 0.6640625 0.0546875 0.0671875
15 0.4046875 0.66484375 0.0609375 0.0625
15 0.49453125 0.66796875 0.0546875 0.0484375
15 0.58828125 0.66484375 0.0515625 0.05625
15 0.6765625 0.66640625 0.0453125 0.05625
15 0.7703125 0.66640625 0.0546875 0.065625
15 0.8609375 0.66484375 0.0421875 0.05625
15 0.13515625 0.7515625 0.046875 0.0515625
15 0.22109375 0.7484375 0.04375 0.0625
15 0.31015625 0.75078125 0.0453125 0.0609375
15 0.4 0.75078125 0.05625 0.0578125
15 0.58515625 0.74765625 0.059375 0.0609375
15 0.67734375 0.753125 0.0546875 0.059375
15 0.7671875 0.75625 0.0578125 0.05625
15 0.8625 0.7546875 0.0390625 0.05625
15 0.1359375 0.83515625 0.0421875 0.0421875
15 0.22265625 0.834375 0.05 0.046875
15 0.315625 0.83515625 0.0515625 0.0484375
15 0.4 0.8328125 0.0515625 0.0578125
15 0.859375 0.83515625 0.0515625 0.0515625
11 0.49296875 0.8296875 0.0609375 0.065625
12 0.49609375 0.746875 0.0640625 0.06875
12 0.58359375 0.82734375 0.0625 0.0640625
10 0.68515625 0.8375 0.0640625 0.0671875
13 0.8578125 0.325 0.06875 0.06875
9 0.575 0.4953125 0.0625 0.06875
8 0.496875 0.32578125 0.065625 0.0671875
14 0.1265625 0.48984375 0.0578125 0.065625
14 0.4875 0.59453125 0.0671875 0.06875
14 0.68125 0.496875 0.0625 0.075
3 0.5 0.06953125 0.065625 0.0640625
4 0.4984375 0.146875 0.065625 0.059375
4 0.4109375 0.06484375 0.0671875 0.0703125
2 0.48671875 0.22890625 0.059375 0.065625
2 0.3171875 0.06171875 0.059375 0.071875
5 0.8578125 0.2359375 0.0625 0.0671875
1 0.8625 0.58125 0.065625 0.0671875
0 0.78046875 0.840625 0.0640625 0.0609375
6 0.67890625 0.321875 0.0640625 0.065625