11 0.271875 0.7203125 0.05 0.05625
12 0.51484375 0.66015625 0.05625 0.05625
12 0.7703125 0.87265625 0.0640625 0.059375
10 0.2609375 0.38828125 0.0609375 0.0578125
10 0.7125 0.13984375 0.0625 0.0609375
13 0.3265625 0.51875 0.059375 0.0609375
13 0.44609375 0.71484375 0.05625 0.0578125
9 0.2796875 0.86484375 0.05625 0.0609375
9 0.5515625 0.74921875 0.0578125 0.0609375
8 0.66640625 0.346875 0.05625 0.0578125
8 0.76328125 0.68828125 0.05625 0.0625
14 0.575 0.56171875 0.0515625 0.059375
14 0.2125 0.49609375 0.0515625 0.0609375
14 0.434375 0.35078125 0.059375 0.0609375
14 0.64296875 0.45703125 0.0578125 0.0578125
14 0.66796875 0.7171875 0.05625 0.05625
3 0.58828125 0.390625 0.0515625 0.059375
4 0.4234375 0.56328125 0.0625 0.0578125
4 0.290625 0.5921875 0.059375 0.0578125
2 0.78984375 0.50625 0.0609375 0.059375
2 0.2375 0.25234375 0.0609375 0.0578125
5 0.73203125 0.40625 0.065625 0.0578125
5 0.60703125 0.2515625 0.0546875 0.059375
1 0.7609375 0.2796875 0.0578125 0.059375
1 0.62109375 0.62578125 0.0515625 0.0625
0 0.15546875 0.36015625 0.05625 0.0578125
0 0.42421875 0.83828125 0.0640625 0.059375
6 0.31328125 0.22421875 0.0609375 0.059375
6 0.4203125 0.4390625 0.0625 0.0546875
6 0.73828125 0.55234375 0.0625 0.059375
6 0.1890625 0.6453125 0.0546875 0.05625
6 0.6625 0.84609375 0.0609375 0.059375