11 0.246875 0.278125 0.0515625 0.05625
12 0.20859375 0.62578125 0.0546875 0.05625
12 0.54921875 0.34375 0.0515625 0.046875
10 0.60078125 0.44453125 0.0546875 0.05625
10 0.3703125 0.48046875 0.0546875 0.059375
13 0.5953125 0.728125 0.05 0.0578125
13 0.32109375 0.11171875 0.0546875 0.0578125
9 0.709375 0.72890625 0.0515625 0.059375
9 0.21171875 0.77109375 0.0546875 0.059375
8 0.45859375 0.42578125 0.0546875 0.0546875
8 0.7609375 0.634375 0.0578125 0.059375
14 0.17109375 0.38984375 0.0546875 0.0609375
14 0.36796875 0.58359375 0.0515625 0.05625
14 0.53046875 0.84375 0.0578125 0.05
14 0.703125 0.8421875 0.0578125 0.0546875
14 0.4046875 0.8984375 0.0546875 0.05625
3 0.4328125 0.2640625 0.0515625 0.0546875
4 0.32890625 0.22421875 0.0578125 0.059375
4 0.66484375 0.53046875 0.0484375 0.0546875
2 0.4625 0.1359375 0.0515625 0.05625
2 0.74453125 0.2359375 0.05 0.0578125
5 0.53203125 0.64296875 0.0578125 0.0546875
5 0.30078125 0.38671875 0.0515625 0.0546875
1 0.33828125 0.6796875 0.0515625 0.0515625
1 0.68828125 0.35859375 0.0515625 0.0578125
0 0.3578125 0.78671875 0.05625 0.0609375
0 0.55078125 0.22265625 0.05625 0.0546875
6 0.4984375 0.534375 0.05625 0.0515625
6 0.46328125 0.72421875 0.0546875 0.05625
6 0.24609375 0.85703125 0.0546875 0.0546875
6 0.22578125 0.5078125 0.059375 0.0515625
6 0.76328125 0.43671875 0.0515625 0.0578125