11 0.32421875 0.38828125 0.046875 0.0546875
12 0.41484375 0.41640625 0.0515625 0.0515625
12 0.41875 0.771875 0.0578125 0.0546875
10 0.553125 0.4171875 0.0578125 0.0546875
10 0.709375 0.48828125 0.059375 0.0515625
13 0.546875 0.8171875 0.0546875 0.0515625
13 0.3640625 0.64296875 0.05625 0.0546875
9 0.37421875 0.2921875 0.05625 0.0515625
9 0.41484375 0.55546875 0.059375 0.0515625
8 0.753125 0.62421875 0.0484375 0.0484375
8 0.5484375 0.521875 0.0546875 0.0546875
14 0.27734375 0.13828125 0.0578125 0.0546875
14 0.69765625 0.10703125 0.0625 0.0609375
14 0.5765625 0.26875 0.05625 0.0546875
14 0.64765625 0.60234375 0.05 0.0546875
14 0.453125 0.3234375 0.0578125 0.05625
3 0.6765625 0.871875 0.05625 0.0578125
4 0.1828125 0.3671875 0.05625 0.0546875
4 0.4140625 0.8875 0.0578125 0.05625
2 0.51015625 0.61484375 0.0515625 0.0546875
2 0.2359375 0.61875 0.0546875 0.05
5 0.6796875 0.3578125 0.05625 0.0515625
5 0.68828125 0.246875 0.0515625 0.05625
1 0.28515625 0.7859375 0.0578125 0.05625
1 0.4234375 0.18828125 0.059375 0.05625
0 0.58671875 0.71328125 0.0515625 0.0546875
0 0.58828125 0.1609375 0.059375 0.0578125
6 0.2578125 0.2625 0.05625 0.0546875
6 0.73203125 0.7453125 0.0515625 0.0515625
6 0.1890625 0.7375 0.0546875 0.0546875
6 0.32265625 0.50390625 0.0578125 0.0578125
6 0.1921875 0.4953125 0.0578125 0.05625