13 0.75859375 0.10234375 0.090625 0.090625
13 0.7734375 0.44375 0.090625 0.090625
12 0.821875 0.34140625 0.090625 0.090625
12 0.38359375 0.278125 0.090625 0.090625
4 0.38359375 0.79453125 0.090625 0.090625
4 0.371875 0.39296875 0.090625 0.090625
14 0.2328125 0.4171875 0.090625 0.090625
14 0.278125 0.5796875 0.090625 0.090625
14 0.2234375 0.12109375 0.090625 0.090625
14 0.4890625 0.6796875 0.090625 0.090625
14 0.6765625 0.171875 0.090625 0.090625
10 0.48046875 0.16640625 0.090625 0.090625
10 0.15703125 0.5375 0.090625 0.090625
0 0.19609375 0.71015625 0.090625 0.090625
0 0.46796875 0.33203125 0.090625 0.090625
6 0.51328125 0.43203125 0.090625 0.090625
6 0.43203125 0.546875 0.090625 0.090625
6 0.66796875 0.89765625 0.090625 0.090625
6 0.80703125 0.6796875 0.090625 0.090625
1 0.47109375 0.903125 0.090625 0.090625
1 0.33828125 0.66796875 0.090625 0.090625
8 0.24140625 0.828125 0.090625 0.090625
8 0.57109375 0.809375 0.090625 0.090625
5 0.5921875 0.6796875 0.090625 0.090625
5 0.75234375 0.25390625 0.090625 0.090625
2 0.75546875 0.546875 0.090625 0.090625
2 0.65234375 0.35078125 0.090625 0.090625
3 0.24140625 0.25078125 0.090625 0.090625
6 0.35078125 0.1453125 0.090625 0.090625
11 0.55 0.24765625 0.090625 0.090625
9 0.625 0.52890625 0.090625 0.090625
9 0.70703125 0.70078125 0.090625 0.090625