11 0.67265625 0.42578125 0.0578125 0.0609375
12 0.8140625 0.40390625 0.05625 0.0625
12 0.86796875 0.53984375 0.0625 0.0609375
10 0.8046875 0.7859375 0.0609375 0.059375
10 0.63125 0.76015625 0.0609375 0.059375
13 0.76328125 0.4625 0.05625 0.05625
13 0.60390625 0.57734375 0.0609375 0.0609375
9 0.5671875 0.69375 0.059375 0.0609375
9 0.37421875 0.35 0.05625 0.059375
8 0.34296875 0.4140625 0.059375 0.0578125
8 0.34140625 0.55546875 0.059375 0.059375
14 0.32734375 0.78671875 0.0578125 0.0578125
14 0.315625 0.678125 0.05625 0.0625
14 0.1484375 0.65 0.0625 0.059375
14 0.11796875 0.553125 0.0625 0.0640625
14 0.38203125 0.47109375 0.059375 0.0578125
3 0.87421875 0.46171875 0.059375 0.0609375
4 0.640625 0.503125 0.0515625 0.059375
4 0.21328125 0.44140625 0.0578125 0.05625
2 0.44140625 0.17890625 0.059375 0.0609375
2 0.47890625 0.4921875 0.059375 0.0625
5 0.1265625 0.3703125 0.0609375 0.0640625
5 0.459375 0.571875 0.05625 0.0515625
1 0.5890625 0.3359375 0.0546875 0.0578125
1 0.2578125 0.32734375 0.059375 0.0578125
0 0.89140625 0.66328125 0.0578125 0.0625
0 0.40625 0.26875 0.0546875 0.0609375
6 0.2484375 0.61484375 0.059375 0.0546875
6 0.2078125 0.73671875 0.0625 0.059375
6 0.74609375 0.62890625 0.0578125 0.059375
6 0.76015625 0.32890625 0.059375 0.0609375
6 0.403125 0.73046875 0.0578125 0.05625