14 0.29279687499999996 0.50675 0.058140625 0.07277083333333333
14 0.3549375 0.2334375 0.058890624999999995 0.07285416666666666
12 0.69259375 0.2535208333333333 0.049015625 0.06208333333333334
12 0.6176875 0.46608333333333335 0.053593749999999996 0.06589583333333333
14 0.53359375 0.4088541666666667 0.05450000000000001 0.065125
9 0.36521875000000004 0.6386875 0.063296875 0.07604166666666666
9 0.722359375 0.728125 0.058578125 0.07854166666666668
11 0.494625 0.5823333333333333 0.05890625000000001 0.07110416666666668
10 0.62559375 0.6066041666666667 0.06353125 0.07652083333333333
5 0.36135937500000004 0.389625 0.049703125 0.06191666666666666
6 0.493515625 0.235625 0.046406249999999996 0.06354166666666666
6 0.585609375 0.2639375 0.042375 0.07310416666666668
1 0.451609375 0.35741666666666666 0.04934375 0.07979166666666666
4 0.45603125 0.7444166666666666 0.055234375 0.07783333333333334
3 0.764921875 0.59275 0.06575 0.07429166666666666
2 0.682484375 0.39612499999999995 0.058203125 0.06904166666666667
0 0.43581250000000005 0.48970833333333336 0.050078124999999994 0.06810416666666666
6 0.790171875 0.42262500000000003 0.05134375 0.0714375