1 0.25709375 0.8215625000000001 0.038140625 0.06166666666666667
1 0.73659375 0.8350624999999999 0.0394375 0.06679166666666667
5 0.317671875 0.8274166666666667 0.03909375 0.05985416666666667
5 0.674515625 0.8356250000000001 0.040281250000000005 0.05679166666666667
2 0.376 0.8292291666666666 0.039078125000000005 0.0606875
2 0.612015625 0.8313124999999999 0.040296874999999996 0.05652083333333333
4 0.432453125 0.8260416666666667 0.039484375 0.051520833333333335
4 0.55203125 0.8296458333333334 0.03696875 0.06429166666666666
3 0.49223437499999995 0.8299166666666667 0.038234375 0.059291666666666666
6 0.26059375 0.6033333333333334 0.04159375 0.05054166666666667
6 0.384546875 0.5955625 0.035328125 0.04610416666666666
6 0.49703125000000004 0.6105416666666666 0.035312500000000004 0.053875
6 0.604515625 0.6094375 0.041953125 0.05164583333333333
6 0.735140625 0.6133333333333333 0.0406875 0.059437500000000004
0 0.30809375 0.6883125 0.03659375 0.05383333333333333
0 0.6736875 0.6870625 0.038609375 0.05410416666666666
9 0.287359375 0.20941666666666667 0.043046875 0.043291666666666666
9 0.702421875 0.21441666666666667 0.03778125 0.05329166666666666
13 0.338921875 0.21554166666666666 0.039921875 0.04439583333333333
13 0.6474375 0.21554166666666666 0.044453124999999996 0.05552083333333333
10 0.388078125 0.20720833333333333 0.03825 0.049958333333333334
10 0.5955625 0.21220833333333333 0.036546875 0.048854166666666664
12 0.43724999999999997 0.20664583333333333 0.0365625 0.048854166666666664
12 0.5432812499999999 0.21025 0.036140624999999996 0.050520833333333334
11 0.48910937499999996 0.209 0.036140624999999996 0.050791666666666666
14 0.274859375 0.3910416666666666 0.03471875 0.03985416666666666
14 0.381734375 0.39422916666666663 0.035953125 0.04902083333333333
14 0.49671875 0.39422916666666663 0.032609375 0.03789583333333334
14 0.5992031250000001 0.4010416666666667 0.037578125000000004 0.04872916666666667
14 0.71440625 0.3920208333333333 0.044515624999999996 0.04429166666666667
8 0.659 0.32758333333333334 0.044656249999999995 0.0490625
8 0.326421875 0.332875 0.035078125 0.04591666666666667