11 0.412671875 0.3580625 0.04365625 0.05483333333333333
9 0.25587499999999996 0.44464583333333335 0.044796875 0.055374999999999994
8 0.276078125 0.5557708333333333 0.056171875 0.0663125
10 0.3625625 0.5996666666666666 0.0528125 0.061812500000000006
13 0.5956875 0.41177083333333336 0.05254687500000001 0.06402083333333333
12 0.6368750000000001 0.5254375 0.0523125 0.06514583333333333
6 0.35040625 0.5019166666666667 0.048562499999999995 0.05979166666666667
14 0.762640625 0.5269166666666666 0.05609375 0.07406249999999999
4 0.41234374999999995 0.4979166666666667 0.049671875 0.0606875
5 0.43990625000000005 0.42933333333333334 0.053468749999999995 0.05745833333333333
0 0.655625 0.36775 0.045171875 0.059291666666666666
2 0.715765625 0.5777916666666666 0.051640624999999996 0.06272916666666667
3 0.706734375 0.29158333333333336 0.04471875 0.06170833333333334
1 0.7861875 0.38708333333333333 0.05184375 0.0563125