11 0.42867187500000004 0.21883333333333335 0.0515625 0.06202083333333333
14 0.51771875 0.25808333333333333 0.054203125 0.06039583333333333
10 0.42759375000000005 0.33160416666666664 0.0518125 0.069625
9 0.35740625000000004 0.6095624999999999 0.046046875 0.07747916666666667
12 0.44934375 0.64625 0.054453125000000005 0.07072916666666668
8 0.547171875 0.7172291666666666 0.053000000000000005 0.07483333333333334
3 0.40210937500000005 0.4246875 0.058546875 0.07310416666666668
6 0.295984375 0.5103958333333334 0.055437499999999994 0.06824999999999999
2 0.266546875 0.6169375 0.056640625 0.07297916666666666
0 0.42085937500000004 0.5235416666666667 0.04796875 0.06245833333333333
5 0.596328125 0.5881041666666668 0.05275 0.06658333333333334
14 0.60546875 0.2998541666666667 0.0546875 0.06102083333333333
14 0.513953125 0.3645833333333333 0.052453125 0.05654166666666667
14 0.643421875 0.6956875 0.05021875 0.07291666666666667
6 0.5078125 0.5081875 0.05134375 0.06695833333333333
6 0.646203125 0.4493958333333333 0.049109375 0.06547916666666667
6 0.690296875 0.610125 0.047984375 0.06547916666666667