6 0.354546875 0.25077083333333333 0.050328125 0.05375
11 0.514734375 0.24229166666666666 0.049890625 0.061812500000000006
14 0.63378125 0.27325 0.04840625 0.05985416666666667
2 0.42964062500000005 0.3203333333333333 0.0484375 0.05677083333333333
5 0.44037499999999996 0.4543125 0.046984375 0.06639583333333333
12 0.5680625 0.5295625 0.04821875 0.06689583333333333
8 0.46640625 0.5989791666666666 0.053234375 0.0613125
10 0.4035 0.7008958333333334 0.05240625 0.0706875
4 0.5193125000000001 0.7292291666666666 0.059046875 0.07177083333333334
5 0.6930468750000001 0.6087083333333333 0.05653125 0.06408333333333334
9 0.621390625 0.6742291666666667 0.04653125 0.07291666666666667
0 0.3531875 0.5988541666666667 0.049703125 0.0638125
6 0.326453125 0.4441875 0.056921875 0.06695833333333333
14 0.547984375 0.3631041666666667 0.053578125 0.0714375
6 0.682484375 0.3467291666666667 0.047984375 0.0625
6 0.6635 0.46950000000000003 0.052453125 0.07291666666666667