8 0.210484375 0.5832916666666667 0.068484375 0.07714583333333333
14 0.40307812500000006 0.43779166666666663 0.068234375 0.08612500000000001
13 0.49421875000000004 0.5265 0.0609375 0.0885625
9 0.6111875 0.507625 0.055296875 0.07302083333333333
10 0.47973437499999994 0.34420833333333334 0.054890625000000005 0.0711875
11 0.38796875000000003 0.21383333333333335 0.056781250000000005 0.0743125
12 0.5330625 0.19772916666666665 0.05321875 0.0754375
2 0.32599999999999996 0.32185416666666666 0.06409375 0.0848125
4 0.345171875 0.5237291666666667 0.060750000000000005 0.07191666666666667
3 0.429125 0.6597916666666667 0.0578125 0.077375
5 0.584 0.7097916666666666 0.061328125 0.07735416666666667
6 0.727328125 0.48152083333333334 0.072984375 0.08747916666666668
1 0.633890625 0.3426666666666666 0.063203125 0.0875625
0 0.71346875 0.18439583333333334 0.06401562499999999 0.082125