10 0.284203125 0.2582291666666667 0.07515625000000001 0.09595833333333334
12 0.5715625 0.26335416666666667 0.065734375 0.09339583333333333
13 0.7339375 0.28081249999999996 0.06593750000000001 0.09945833333333334
14 0.169796875 0.5605416666666667 0.07709375 0.10120833333333333
1 0.23578125 0.3950416666666667 0.07203125 0.09393750000000001
6 0.462796875 0.395375 0.07175000000000001 0.0881875
4 0.41171875 0.6078125 0.077765625 0.096375
0 0.625171875 0.46779166666666666 0.062359374999999995 0.09197916666666667
2 0.8149374999999999 0.45239583333333333 0.06929687500000001 0.0996875
9 0.6624218749999999 0.6651458333333333 0.074359375 0.11491666666666665
11 0.245984375 0.8176666666666667 0.0804375 0.09945833333333334
8 0.447296875 0.8397916666666667 0.072 0.09879166666666667
3 0.63334375 0.8556458333333333 0.069078125 0.09525
5 0.838125 0.8418541666666666 0.065203125 0.09975