5 0.375625 0.15114583333333334 0.058828124999999995 0.07845833333333332
6 0.589 0.16125 0.057015625 0.07489583333333334
2 0.3053125 0.34497916666666667 0.056609374999999997 0.06435416666666667
1 0.52371875 0.4040416666666667 0.053671875 0.07235416666666666
0 0.62928125 0.331 0.05500000000000001 0.06616666666666667
8 0.485515625 0.26966666666666667 0.05340625 0.07806249999999999
9 0.37956249999999997 0.4963125 0.063890625 0.07547916666666667
12 0.191703125 0.6401458333333333 0.070546875 0.08370833333333333
11 0.421 0.7494166666666667 0.060390624999999996 0.08658333333333333
13 0.6251249999999999 0.604125 0.05503125 0.07539583333333333
14 0.51171875 0.5778958333333333 0.059828124999999996 0.07689583333333333
10 0.6829375 0.4881041666666667 0.058515625 0.07620833333333334
4 0.319265625 0.6542291666666666 0.0683125 0.08491666666666667
3 0.6595 0.7595833333333334 0.061281249999999995 0.08975