6 0.584734375 0.14552083333333332 0.056546874999999996 0.07104166666666667
2 0.38537499999999997 0.32435416666666667 0.05365625 0.07314583333333333
1 0.6380625 0.32129166666666664 0.05487499999999999 0.07258333333333335
4 0.615765625 0.5826041666666666 0.056125 0.07854166666666668
0 0.1314375 0.5970624999999999 0.058374999999999996 0.0703125
5 0.373265625 0.13647916666666668 0.068171875 0.08320833333333333
3 0.6520937499999999 0.7534375 0.068125 0.07675000000000001
8 0.217390625 0.2894791666666666 0.05689062499999999 0.07189583333333333
14 0.29178125 0.4743541666666667 0.054234375 0.07627083333333333
13 0.292015625 0.6529791666666667 0.05953125 0.07777083333333333
11 0.45210937500000004 0.7010416666666667 0.052765625000000003 0.07133333333333333
10 0.6770937499999999 0.473875 0.050812500000000003 0.07210416666666666
12 0.51809375 0.40116666666666667 0.0484375 0.07972916666666667
9 0.49632812499999995 0.21785416666666665 0.0546875 0.0793125