4 0.33132812500000003 0.18020833333333333 0.06834375000000001 0.09070833333333334
3 0.6628437500000001 0.22468749999999998 0.06659375 0.0925625
11 0.156484375 0.4056875 0.079453125 0.10608333333333334
13 0.392828125 0.3738958333333333 0.086234375 0.10308333333333333
2 0.5550312500000001 0.456625 0.07540625 0.09810416666666667
6 0.82603125 0.43314583333333334 0.07195312499999999 0.09660416666666666
10 0.32239062500000004 0.6043125 0.07034375000000001 0.10558333333333333
8 0.2071875 0.8133333333333332 0.07575 0.09939583333333334
14 0.707859375 0.4390208333333333 0.07425000000000001 0.09697916666666666
5 0.375359375 0.8222291666666667 0.071171875 0.10583333333333332
12 0.55603125 0.8269583333333334 0.06887499999999999 0.09635416666666667
0 0.6763281250000001 0.6807916666666666 0.07368749999999999 0.10704166666666667
1 0.697359375 0.8729791666666666 0.081640625 0.10125
9 0.859125 0.8466458333333333 0.067125 0.1054375