8 0.133109375 0.4139375 0.063375 0.0838125
8 0.8809531249999999 0.43629166666666663 0.059328124999999995 0.07520833333333334
9 0.2745 0.09029166666666667 0.059750000000000004 0.06691666666666667
10 0.265484375 0.2131875 0.061750000000000006 0.08647916666666666
10 0.25175000000000003 0.3240208333333333 0.06837499999999999 0.060875
14 0.239921875 0.4518125 0.060781249999999995 0.08802083333333334
4 0.23121874999999997 0.5895833333333333 0.055859375 0.09229166666666666
2 0.22742187500000002 0.7530625000000001 0.07684375 0.08375
3 0.3626875 0.7606458333333334 0.092046875 0.1013125
2 0.360234375 0.5923958333333333 0.0835625 0.0955625
6 0.37239062500000003 0.45866666666666667 0.070390625 0.116
5 0.37775 0.3168958333333334 0.059687500000000004 0.0870625
11 0.382328125 0.20427083333333332 0.07062500000000001 0.08312499999999999
1 0.38634375 0.10208333333333333 0.06259375 0.07620833333333334
12 0.5010625 0.11947916666666666 0.056359375 0.0681875
14 0.505859375 0.21810416666666665 0.062390625 0.08222916666666666
0 0.5104375 0.31614583333333335 0.073328125 0.0855625
1 0.5046406250000001 0.6065416666666666 0.076 0.10002083333333332
6 0.501953125 0.7756666666666666 0.054578125 0.0980625
12 0.6331875 0.13360416666666666 0.059953124999999996 0.07266666666666667
9 0.6425625 0.7819166666666667 0.0590625 0.10341666666666667
4 0.776484375 0.61575 0.059078125 0.08754166666666667
13 0.62471875 0.22704166666666667 0.0590625 0.07629166666666666
13 0.633984375 0.3237291666666666 0.0829375 0.0793125
5 0.7727968749999999 0.23714583333333333 0.06421875 0.09177083333333333
0 0.766109375 0.3448541666666667 0.059750000000000004 0.07875
14 0.502234375 0.4568541666666667 0.071421875 0.09522916666666667
6 0.627234375 0.46950000000000003 0.064734375 0.08779166666666667
6 0.634484375 0.6123541666666666 0.063609375 0.08779166666666667
6 0.77678125 0.7834791666666666 0.07365625 0.10564583333333334
14 0.76953125 0.4769375 0.07478125 0.08779166666666667
14 0.75446875 0.14210416666666664 0.071421875 0.09375