4 0.29259375 0.18702083333333333 0.08935937499999999 0.12654166666666666
4 0.409671875 0.19579166666666667 0.08959375 0.11791666666666667
6 0.523828125 0.20725000000000002 0.076890625 0.10514583333333333
6 0.642125 0.22137500000000002 0.086734375 0.11437499999999999
0 0.28512499999999996 0.32254166666666667 0.0886875 0.1144375
0 0.40229687500000005 0.34352083333333333 0.08201562500000001 0.11116666666666666
2 0.6307343750000001 0.37252083333333336 0.09075 0.11685416666666668
2 0.38846875000000003 0.5099791666666667 0.10075 0.12050000000000001
3 0.5156875000000001 0.5148958333333333 0.0963125 0.1255625
5 0.645578125 0.5335 0.086515625 0.1270625
1 0.246171875 0.6595 0.092921875 0.13397916666666668
5 0.507765625 0.6891041666666666 0.09653125 0.11941666666666667
1 0.631859375 0.6960833333333334 0.09834375 0.12627083333333333
6 0.258921875 0.48512500000000003 0.09821875 0.11904166666666667
6 0.513390625 0.3541666666666667 0.084828125 0.10714583333333333
6 0.375 0.672625 0.10490625 0.139875