9 0.361609375 0.18602083333333336 0.08734375 0.11579166666666667
9 0.47265625 0.18872916666666667 0.08640624999999999 0.11354166666666667
13 0.591046875 0.20716666666666667 0.0828125 0.11708333333333334
13 0.7120625 0.21260416666666665 0.097984375 0.12029166666666667
14 0.355609375 0.32747916666666665 0.0849375 0.12454166666666668
14 0.7069062500000001 0.36447916666666663 0.08765625 0.11141666666666666
12 0.48023437500000005 0.3433333333333334 0.097703125 0.1280625
10 0.600890625 0.3467083333333333 0.07753125 0.11429166666666667
8 0.348640625 0.4955416666666667 0.094078125 0.12495833333333332
8 0.469421875 0.495375 0.0856875 0.12208333333333334
10 0.7213125 0.5224375 0.0915 0.10960416666666667
11 0.330484375 0.6565416666666667 0.09623437500000001 0.13435416666666666
12 0.7249218749999999 0.6946666666666667 0.091015625 0.14654166666666668
14 0.5943125 0.5066875000000001 0.099328125 0.12352083333333333
14 0.4681875 0.6688958333333334 0.108265625 0.12054166666666667
14 0.59821875 0.68675 0.10490625 0.12945833333333334