9 0.2325 0.09508333333333334 0.042625 0.0540625
9 0.73259375 0.09093749999999999 0.043140625 0.07922916666666667
13 0.28471875 0.07947916666666667 0.0430625 0.06741666666666667
13 0.677140625 0.08693749999999999 0.044687500000000005 0.06291666666666666
10 0.352296875 0.08452083333333334 0.051140624999999995 0.06083333333333333
10 0.6135937499999999 0.08329166666666667 0.046765625 0.06672916666666667
12 0.415828125 0.07322916666666666 0.053234375 0.07435416666666667
12 0.542375 0.087125 0.056374999999999995 0.06604166666666667
11 0.48040625 0.08035416666666667 0.044921875 0.06916666666666667
8 0.28171875 0.23239583333333333 0.05165625 0.07064583333333332
8 0.486921875 0.22614583333333332 0.057937499999999996 0.06925
14 0.213375 0.3167291666666667 0.071171875 0.0755625
14 0.47767187499999997 0.32489583333333333 0.0456875 0.06966666666666667
6 0.188046875 0.5902291666666667 0.055953125000000006 0.07566666666666667
6 0.32834375 0.584875 0.06364062499999999 0.07885416666666667
0 0.24904687499999997 0.6824166666666667 0.057109375 0.07683333333333334
0 0.705515625 0.6860625 0.04521875 0.07302083333333333
1 0.770359375 0.8833958333333333 0.060328124999999996 0.07904166666666666
1 0.16728125 0.8691666666666666 0.058140625 0.08387499999999999
5 0.23732812499999997 0.882875 0.054515625 0.08910416666666668
5 0.70759375 0.8841041666666667 0.051468749999999994 0.08320833333333333
2 0.313890625 0.8820208333333334 0.0680625 0.10125
2 0.629875 0.8924166666666667 0.058484375 0.0804375
4 0.39578125000000003 0.8859999999999999 0.063125 0.1036875
4 0.5645156250000001 0.8833958333333333 0.058984375 0.09014583333333334
3 0.48040625 0.8868541666666666 0.059250000000000004 0.07508333333333334
14 0.338171875 0.32216666666666666 0.055796875 0.06695833333333333
14 0.611609375 0.3199375 0.055796875 0.077375
14 0.744984375 0.3229166666666667 0.061390625 0.077375
6 0.47767187499999997 0.5848125 0.06696875 0.08333333333333333
6 0.623328125 0.593 0.061390625 0.08185416666666666
6 0.762828125 0.5796041666666666 0.05915625 0.07589583333333333