9 0.229046875 0.096125 0.045265625 0.07183333333333333
9 0.7327343749999999 0.09356249999999999 0.047031250000000004 0.06670833333333334
13 0.285421875 0.08204166666666667 0.05225 0.06414583333333333
13 0.6770937499999999 0.0906875 0.054953125000000005 0.08143750000000001
10 0.35139062499999996 0.088125 0.055374999999999994 0.0711875
10 0.61028125 0.08716666666666667 0.0520625 0.06927083333333334
12 0.41931250000000003 0.07689583333333333 0.048890625 0.06927083333333334
12 0.5448906250000001 0.08891666666666667 0.050124999999999996 0.05997916666666667
11 0.48167187499999997 0.08202083333333333 0.05828124999999999 0.06414583333333333
8 0.48420312499999996 0.22845833333333332 0.059484375 0.07766666666666668
8 0.28145312499999997 0.23054166666666667 0.057765625 0.07160416666666666
14 0.21221874999999998 0.3186666666666667 0.061609375 0.076125
14 0.3315625 0.4030833333333333 0.06185937500000001 0.065625
14 0.476875 0.32618749999999996 0.0640625 0.07583333333333334
14 0.6131562500000001 0.32058333333333333 0.061671875 0.07741666666666666
14 0.7443906250000001 0.3249166666666667 0.064578125 0.08093750000000001
6 0.18915625 0.588125 0.065453125 0.07695833333333332
6 0.329171875 0.5878125 0.05896875 0.07885416666666667
6 0.478546875 0.584125 0.06742187499999999 0.0791875
6 0.62071875 0.5921458333333334 0.063359375 0.08239583333333332
6 0.762171875 0.5789791666666667 0.063609375 0.08175
0 0.47614062500000004 0.6818333333333333 0.0703125 0.07475000000000001
0 0.70209375 0.6892291666666667 0.0665 0.07925
1 0.165359375 0.8663958333333334 0.054390625000000005 0.0723125
1 0.771921875 0.885625 0.060015624999999996 0.07233333333333333
5 0.2350625 0.8811458333333333 0.059203125 0.0813125
5 0.7083437499999999 0.8862708333333333 0.040531250000000005 0.08387499999999999
2 0.31834375000000004 0.8897916666666668 0.058499999999999996 0.08322916666666667
2 0.632984375 0.8946041666666668 0.049421875 0.08002083333333333
4 0.39778125000000003 0.8823958333333334 0.069125 0.087875
4 0.5661562499999999 0.8905625 0.0573125 0.08177083333333333
3 0.47903124999999996 0.888 0.05853125 0.07664583333333333