9 0.274953125 0.09145833333333334 0.038109375 0.06083333333333333
9 0.752765625 0.093375 0.050171875 0.07020833333333334
13 0.32814062499999996 0.08472916666666667 0.040453125 0.06152083333333334
13 0.6971875 0.09685416666666667 0.049359375 0.0755
8 0.32534375 0.2225 0.05971875 0.06752083333333332
8 0.709703125 0.23027083333333334 0.05603125 0.0726875
14 0.252296875 0.28602083333333334 0.057374999999999995 0.05854166666666667
14 0.5217968749999999 0.31656249999999997 0.046484375 0.0724375
10 0.392109375 0.07864583333333333 0.052437500000000005 0.06533333333333333
10 0.643 0.09006249999999999 0.041296875 0.066375
12 0.450671875 0.08347916666666667 0.04553125 0.06708333333333334
12 0.58 0.08608333333333333 0.046234375 0.0611875
11 0.509484375 0.0811875 0.05325 0.06845833333333333
6 0.521046875 0.4954791666666667 0.053296875 0.07814583333333333
5 0.28809375 0.8774375 0.06231250000000001 0.0754375
0 0.29046875 0.6662708333333334 0.06704687499999999 0.06954166666666667
0 0.7473124999999999 0.6728958333333334 0.04546875 0.0660625
1 0.21196874999999998 0.8596041666666667 0.054234375 0.0769375
1 0.8203437499999999 0.87525 0.04365625 0.08216666666666667
2 0.36165625 0.8707291666666667 0.049046875000000004 0.07868750000000001
2 0.676609375 0.8828541666666666 0.05404687500000001 0.07522916666666667
5 0.75265625 0.8733333333333333 0.04990625 0.08666666666666667
4 0.437015625 0.8771249999999999 0.053234375 0.08312499999999999
4 0.61165625 0.8802916666666667 0.059515625 0.08112499999999999
3 0.5257031249999999 0.8754166666666666 0.06053125 0.09083333333333334
14 0.376109375 0.3050625 0.055796875 0.07439583333333334
14 0.647328125 0.31472916666666667 0.0625 0.07589583333333333
14 0.791859375 0.32216666666666666 0.061390625 0.07589583333333333
6 0.232140625 0.5684583333333334 0.053578125 0.0714375
6 0.372203125 0.5743958333333333 0.052453125 0.0714375
6 0.666859375 0.578875 0.056921875 0.07439583333333334
6 0.8063593750000001 0.5699375 0.061390625 0.0714375