2 0.524859375 0.5166458333333334 0.060046875 0.08177083333333333
9 0.5098281250000001 0.32283333333333336 0.059015625 0.08189583333333333
2 0.574234375 0.441 0.062140625000000005 0.08039583333333335
1 0.31509375 0.5398333333333334 0.06443750000000001 0.08310416666666667
4 0.46587500000000004 0.5944791666666667 0.0675625 0.08675000000000001
1 0.338953125 0.3013541666666667 0.061 0.07779166666666668
11 0.616 0.58875 0.06409375 0.082125
8 0.5980000000000001 0.33218749999999997 0.060265625 0.07945833333333334
4 0.432265625 0.3172083333333333 0.058499999999999996 0.08058333333333333
13 0.39309375 0.5839375 0.063578125 0.08570833333333333
14 0.69453125 0.3516666666666667 0.06251562499999999 0.0859375
6 0.66834375 0.46116666666666667 0.060250000000000005 0.08152083333333333
8 0.42215625 0.4852916666666667 0.060671875 0.07972916666666667
14 0.47376562499999997 0.421875 0.06584375 0.0848125
14 0.360484375 0.4032708333333333 0.064734375 0.08929166666666667