9 0.232421875 0.10027083333333334 0.05078125 0.06510416666666667
9 0.728515625 0.09895833333333333 0.05078125 0.06770833333333333
13 0.2841875 0.0905 0.052734375 0.06641666666666667
13 0.548828125 0.39908333333333335 0.0546875 0.07422916666666667
10 0.348640625 0.08985416666666667 0.052734375 0.06510416666666667
10 0.610359375 0.0905 0.048828125 0.06641666666666667
12 0.418953125 0.081375 0.052734375 0.06902083333333334
12 0.541015625 0.09179166666666667 0.05078125 0.06902083333333334
11 0.4795 0.08529166666666667 0.052734375 0.06641666666666667
14 0.477546875 0.32747916666666665 0.056640625 0.07683333333333334
14 0.611328125 0.32095833333333335 0.0546875 0.07422916666666667
8 0.28028125 0.23697916666666666 0.052734375 0.06770833333333333
8 0.48340625 0.23308333333333334 0.052734375 0.0703125
1 0.258796875 0.5097708333333333 0.056640625 0.07162500000000001
6 0.759765625 0.581375 0.05859375 0.07422916666666667
5 0.173828125 0.6940208333333333 0.0625 0.08072916666666667
0 0.474609375 0.6803333333333333 0.05859375 0.07943750000000001
0 0.703125 0.6914166666666667 0.05859375 0.07552083333333333
4 0.45996875 0.7818958333333333 0.056640625 0.07943750000000001
4 0.563484375 0.8899791666666667 0.064453125 0.09245833333333334
3 0.4795 0.8841249999999999 0.064453125 0.0859375
2 0.629890625 0.8886666666666667 0.060546875 0.08985416666666667
5 0.705078125 0.8847708333333333 0.05859375 0.08725000000000001
1 0.767578125 0.8834583333333333 0.05859375 0.08464583333333334
14 0.21150000000000002 0.3169583333333333 0.05021875 0.06547916666666667
14 0.33259375 0.4032708333333333 0.046875 0.059520833333333335
14 0.747203125 0.3229166666666667 0.052453125 0.05654166666666667
6 0.18359375 0.5892916666666667 0.047984375 0.0714375
6 0.326453125 0.5848125 0.0546875 0.06547916666666667
6 0.4765625 0.5811041666666666 0.05134375 0.078875
6 0.623328125 0.5959791666666666 0.0546875 0.06695833333333333
2 0.3125 0.8868958333333333 0.049109375 0.08035416666666667