2 0.676078125 0.8843125000000001 0.060765625000000004 0.08916666666666666
4 0.59428125 0.8864791666666666 0.06118749999999999 0.09025
4 0.441796875 0.8823958333333334 0.06259375 0.092125
1 0.45367187500000006 0.3955208333333333 0.0538125 0.06902083333333334
13 0.334078125 0.10122916666666668 0.0510625 0.06764583333333334
2 0.45642187500000003 0.23958333333333334 0.049562499999999995 0.06920833333333333
9 0.27923437500000003 0.10608333333333334 0.0485 0.064375
13 0.44406249999999997 0.678625 0.057296875000000004 0.08029166666666666
10 0.64934375 0.10656249999999999 0.048203125 0.06910416666666667
1 0.8168124999999999 0.8834791666666667 0.06165625 0.08295833333333333
5 0.28971874999999997 0.8809583333333334 0.05971875 0.08708333333333333
11 0.516234375 0.0971875 0.049140625 0.06708333333333334
12 0.456078125 0.104625 0.051171875 0.06672916666666667
0 0.732890625 0.5795416666666667 0.057203125 0.07360416666666666
10 0.39854687499999997 0.09727083333333333 0.050187499999999996 0.0681875
9 0.755671875 0.10800000000000001 0.049062499999999995 0.06641666666666667
8 0.713734375 0.2467291666666667 0.052359375 0.06839583333333334
0 0.2935 0.6742708333333333 0.0590625 0.07829166666666666
8 0.329140625 0.23450000000000001 0.052375000000000005 0.06731250000000001
14 0.6541875 0.49285416666666665 0.058374999999999996 0.0726875
5 0.786125 0.3307291666666667 0.055296875 0.06997916666666668
6 0.588515625 0.2482916666666667 0.052859375 0.068875
14 0.381296875 0.31172916666666667 0.054859375 0.07058333333333335
12 0.582953125 0.10508333333333333 0.048953125 0.06939583333333334
3 0.5177968749999999 0.7918125 0.0620625 0.08875000000000001
14 0.65153125 0.3262291666666667 0.056109374999999996 0.0715625
6 0.23731249999999998 0.5785625 0.056437499999999995 0.06925
6 0.3780625 0.5827291666666666 0.0566875 0.07
6 0.5240781250000001 0.5804583333333333 0.041890625 0.06545833333333334
6 0.810546875 0.5829166666666666 0.055203125 0.06660416666666666
14 0.6644062500000001 0.6800416666666667 0.06118749999999999 0.07525
14 0.258046875 0.29306249999999995 0.05550000000000001 0.06235416666666667