10 0.614734375 0.109875 0.047609374999999995 0.06504166666666666
9 0.7381562500000001 0.11872916666666668 0.050015624999999994 0.0646875
8 0.686125 0.2469375 0.053437500000000006 0.0678125
1 0.18262499999999998 0.8792291666666666 0.060109375 0.08241666666666667
4 0.397171875 0.8809375 0.061890625 0.09183333333333334
4 0.549515625 0.8855416666666667 0.062125 0.0894375
0 0.7039375 0.6902291666666667 0.05853125 0.079875
2 0.627515625 0.8943333333333333 0.058296875000000005 0.08639583333333332
5 0.247265625 0.8813333333333334 0.063421875 0.0871875
1 0.785046875 0.8794791666666666 0.060109375 0.08541666666666667
2 0.32434375000000004 0.8820208333333334 0.06315625 0.09270833333333334
11 0.48445312500000004 0.10731249999999999 0.049640625 0.06629166666666667
0 0.259515625 0.6824791666666666 0.057890624999999994 0.07660416666666667
12 0.42443749999999997 0.11072916666666667 0.049625 0.06566666666666666
9 0.239796875 0.10722916666666667 0.048765625 0.06379166666666666
13 0.6719375000000001 0.106125 0.050875000000000004 0.066
8 0.28923437500000004 0.24539583333333334 0.054093749999999996 0.066375
10 0.359765625 0.10256249999999999 0.0485 0.0668125
12 0.550515625 0.1164375 0.048453125 0.06545833333333334
3 0.477046875 0.8855833333333333 0.061640625000000004 0.09139583333333333
13 0.301203125 0.10602083333333333 0.0515625 0.06775
14 0.350453125 0.32602083333333337 0.055125 0.0724375
5 0.712875 0.8864166666666667 0.06153125 0.08870833333333333
6 0.47421875 0.5800833333333333 0.066140625 0.07225
14 0.21595312500000002 0.31845833333333334 0.05021875 0.06845833333333333
14 0.48884375 0.3206875 0.05134375 0.06695833333333333
14 0.618859375 0.3296041666666667 0.05915625 0.07291666666666667
14 0.758375 0.32589583333333333 0.052453125 0.06547916666666667
6 0.194203125 0.5855625 0.055796875 0.078875
6 0.330921875 0.578125 0.05915625 0.07589583333333333
6 0.62053125 0.5855625 0.055796875 0.0699375
6 0.766734375 0.5811041666666666 0.053578125 0.07589583333333333