8 0.172984375 0.24702083333333333 0.069203125 0.08333333333333333
13 0.330359375 0.2700833333333333 0.07365625 0.09077083333333333
13 0.396765625 0.19643750000000001 0.068078125 0.08929166666666667
2 0.24943749999999998 0.3400208333333333 0.068078125 0.09077083333333333
4 0.18303125 0.4464375 0.07365625 0.08929166666666667
3 0.205359375 0.6830416666666667 0.075890625 0.1011875
6 0.290171875 0.4791666666666667 0.064734375 0.08929166666666667
6 0.678578125 0.43825000000000003 0.071421875 0.09077083333333333
1 0.3911875 0.3720208333333333 0.068078125 0.0863125
1 0.46204687499999997 0.28049999999999997 0.05803125 0.078875
10 0.62109375 0.22618749999999999 0.063609375 0.09227083333333333
4 0.577015625 0.3541666666666667 0.0625 0.0863125
0 0.703125 0.265625 0.060265625 0.09077083333333333
12 0.756703125 0.38466666666666666 0.0625 0.0848125
9 0.39453125 0.5602708333333334 0.06584375 0.08779166666666667
14 0.476 0.4389791666666667 0.068078125 0.08929166666666667
14 0.534046875 0.5215833333333334 0.072546875 0.09672916666666667
14 0.568640625 0.6287291666666667 0.0703125 0.09672916666666667
12 0.692515625 0.6904791666666666 0.0703125 0.09522916666666667
2 0.6796875 0.5706875 0.06696875 0.09077083333333333
0 0.78459375 0.5833333333333334 0.071421875 0.09227083333333333