11 0.50196875 0.46089583333333334 0.05575 0.07485416666666667
8 0.42182812500000005 0.5036666666666666 0.058562499999999997 0.07725
4 0.580828125 0.7464583333333333 0.061968749999999996 0.0854375
9 0.353953125 0.5614166666666667 0.05903125 0.07958333333333334
13 0.5739687499999999 0.5853958333333333 0.058953124999999995 0.07970833333333333
5 0.50840625 0.3466458333333333 0.052875000000000005 0.07179166666666667
1 0.342328125 0.6820416666666667 0.06159375 0.08172916666666666
3 0.37520312499999997 0.39127083333333335 0.058671875 0.078875
0 0.5690625 0.42954166666666665 0.054093749999999996 0.0729375
2 0.4595625 0.6259791666666668 0.06023437499999999 0.08185416666666666
10 0.4380625 0.7407291666666667 0.059187500000000004 0.08416666666666667
12 0.66115625 0.5988333333333333 0.0624375 0.07866666666666666
6 0.7153125 0.7055208333333333 0.060390624999999996 0.08197916666666667
14 0.652359375 0.47810416666666666 0.057874999999999996 0.0775