14 0.3927734375 0.7965277777777777 0.062109375 0.10972222222222222
9 0.21171875 0.8027777777777778 0.05703125 0.10555555555555556
8 0.3470703125 0.128125 0.051953125 0.08680555555555555
13 0.2451171875 0.12986111111111112 0.049609375 0.0763888888888889
14 0.4037109375 0.19930555555555557 0.055078125 0.09027777777777778
10 0.2384765625 0.20833333333333334 0.050390625 0.08055555555555556
12 0.2330078125 0.2954861111111111 0.051953125 0.09097222222222222
14 0.396484375 0.38229166666666664 0.0578125 0.10069444444444445
11 0.2275390625 0.3892361111111111 0.054296875 0.09652777777777778
12 0.2212890625 0.48715277777777777 0.055078125 0.09652777777777778
14 0.4080078125 0.050347222222222224 0.050390625 0.0798611111111111
9 0.2515625 0.05625 0.0484375 0.07083333333333333
10 0.215234375 0.5857638888888889 0.05546875 0.10208333333333333
14 0.38984375 0.5861111111111111 0.06015625 0.10972222222222222
8 0.32890625 0.6864583333333333 0.0609375 0.10902777777777778
13 0.2130859375 0.6899305555555556 0.057421875 0.10486111111111111